ACC,Loss,LossPrivileged,LossUnprivileged,BalancedACC,drift-id,gm-id,gm-name
0.8833333333333333,0.2714244,0.2543008,0.4345491,0.8838849701573521,0,0,0
0.8766666666666667,0.2735276,0.25052753,0.5571951,0.8255578093306287,0,0,0
0.8883333333333333,0.26266077,0.25501952,0.35921872,0.9976076555023923,0,0,0
0.8833333333333333,0.27249852,0.27300695,0.26746055,0.9867974349302149,0,0,0
0.865,0.32463276,0.2510408,1.2109363,0.5839262187088273,2,0,0
0.88,0.3078721,0.247721,0.9286766,0.7327107811244211,2,0,0
0.85,0.32548812,0.26394632,0.9117546,0.6165256565212615,2,0,0
0.8866666666666667,0.2744843,0.25320303,0.48536235,0.8713515523331474,0,0,0
0.89,0.26107258,0.24596778,0.43477762,0.9311740890688259,0,0,0
